12 2 0
10 40003
45 40006
35 40009
1 40000
0 40001
3 40008
2 40002
178 40010
9 40004
8 40011
78 40007
255 40005
%%
hoho 0 1 0 1 2 0 0
globales 0 1 1 0 0 2 0
princ 0 0 0 0 0 0 0
%%
GOTO -1 -1 14 
+ 32000 40003 35000 
209 -1 -1 1 
201 35000 40004 -1 
< 32000 40001 34000 
GOTOF 34000 -1 8 
RETURN 40004 -1 13001 
GOTO -1 -1 13 
ERA -1 -1 hoho 
- 32000 40000 35001 
PARAMETRO 35001 -1 32000 
GOSUB -1 -1 1 
101 13001 -1 16000 
ENDPROC 1 -1 1 
302 40005 40006 40007 
304 40008 -1 -1 
301 40009 40006 40010 
ERA -1 -1 hoho 
PARAMETRO 40011 -1 32000 
GOSUB -1 -1 1 
101 13001 -1 16001 
ENDPROG -1 -1 -1 
