23 2 0
178 40019
67 40020
255 40015
21 40010
45 40016
1 40000
0 40001
3 40013
2 40002
5 40004
4 40007
7 40003
6 40012
9 40006
8 40021
200 40022
90 40014
100 40005
78 40017
10 40008
15 40011
32 40009
35 40018
%%
main 0 14 1 2 10 0 10
globals 0 1 1 0 0 1 0
bah 0 7 0 5 6 0 9
%%
GOTO -1 -1 52 
101 40004 -1 32000 
DIM 7 40003 -1 
DIR 37000 40003 37001 
== 37001 40003 34000 
GOTOF 34000 -1 8 
209 -1 -1 -1 
203 40000 -1 -1 
DIM 7 40000 -1 
DIR 37000 40000 37002 
101 40005 -1 37002 
101 40001 -1 32002 
101 32001 -1 35000 
DIM 7 32002 -1 
DIR 37000 32002 37003 
101 37003 -1 32004 
101 32002 -1 32003 
+ 32002 40000 35001 
101 35001 -1 32006 
- 32001 32006 35002 
101 35002 -1 32005 
> 32005 40001 34001 
GOTOF 34001 -1 47 
101 32005 -1 35003 
DIM 7 32006 -1 
DIR 37000 32006 37004 
< 37004 32004 34002 
GOTOF 34002 -1 32 
DIM 7 32006 -1 
DIR 37000 32006 37005 
101 37005 -1 32004 
101 32006 -1 32003 
+ 32006 40000 35004 
101 35004 -1 32006 
- 35003 40000 35003 
== 35003 40001 34003 
GOTOF 34003 -1 24 
DIM 7 32002 -1 
DIR 37000 32002 37006 
DIM 7 32003 -1 
DIR 37000 32003 37007 
101 37006 -1 37007 
DIM 7 32002 -1 
DIR 37000 32002 37008 
101 32004 -1 37008 
+ 32002 40000 35005 
101 35005 -1 32002 
- 35000 40000 35000 
== 35000 40001 34004 
GOTOF 34004 -1 13 
RETURN -1 -1 -1 
ENDPROC 1 -1 1 
101 40006 -1 22000 
101 40007 -1 22001 
101 40004 -1 22002 
DIMC 7 7 -1 
DIRC 22003 7 27000 
101 40003 -1 27000 
DIMC 7 6 -1 
DIRC 22003 6 27001 
101 40012 -1 27001 
DIMC 7 5 -1 
DIRC 22003 5 27002 
101 40011 -1 27002 
DIMC 7 4 -1 
DIRC 22003 4 27003 
101 40010 -1 27003 
DIMC 7 3 -1 
DIRC 22003 3 27004 
101 40009 -1 27004 
DIMC 7 2 -1 
DIRC 22003 2 27005 
101 40002 -1 27005 
DIMC 7 1 -1 
DIRC 22003 1 27006 
101 40000 -1 27006 
DIMC 7 0 -1 
DIRC 22003 0 27007 
101 40008 -1 27007 
- 40002 40013 25000 
+ 25000 40008 25001 
101 25001 -1 22001 
- 40002 40007 25002 
+ 25002 40014 25003 
101 25003 -1 22001 
302 40015 40016 40017 
304 40013 -1 -1 
301 40018 40016 40019 
/ 40021 40012 25004 
* 40020 25004 25005 
209 -1 -1 -1 
207 25005 -1 -1 
307 40022 40022 -1 
101 40001 -1 22012 
101 40021 -1 25006 
DIM 7 22012 -1 
DIR 22003 22012 27008 
209 -1 -1 -1 
204 27008 -1 -1 
+ 22012 40000 25007 
101 25007 -1 22012 
- 25006 40000 25006 
== 25006 40001 24000 
GOTOF 24000 -1 95 
ERA -1 -1 bah 
PARAMETRO 22003 -1 37000 
PARAMETRO 40003 -1 32001 
PARAMETRO 22000 -1 32000 
GOSUB -1 -1 1 
101 13001 -1 16000 
101 40001 -1 22012 
101 40021 -1 25008 
DIM 7 22012 -1 
DIR 22003 22012 27009 
209 -1 -1 1 
204 27009 -1 -1 
+ 22012 40000 25009 
101 25009 -1 22012 
- 25008 40000 25008 
== 25008 40001 24001 
GOTOF 24001 -1 112 
ENDPROG -1 -1 -1 
